  Date,   C1,C2,C3,C4,C5,SB
4/22/2017,15,28,36,37,41,10
4/26/2017,1,2,25,31,33,14
4/29/2017,6,19,25,28,36,1
5/3/2017,5,6,7,12,37,6
5/6/2017,1,20,36,39,43,10
5/10/2017,12,19,22,35,38,1
5/13/2017,11,19,27,28,37,8
5/17/2017,15,21,26,28,36,3
5/20/2017,1,11,28,31,41,9
5/24/2017,7,22,29,32,41,14
5/27/2017,8,12,20,36,40,1
5/31/2017,12,13,25,31,42,16
6/3/2017,3,26,33,34,38,16
6/7/2017,3,20,33,34,40,14
6/10/2017,13,20,26,29,40,7
6/14/2017,2,9,12,34,40,7
6/17/2017,9,20,24,31,33,16
6/21/2017,4,6,14,17,29,5
6/24/2017,3,4,9,20,32,11
6/28/2017,18,22,32,37,39,2
7/1/2017,10,16,18,35,40,6
7/5/2017,20,22,25,37,43,8
7/8/2017,1,7,12,19,21,8
7/12/2017,7,23,30,33,36,4
7/15/2017,7,23,24,34,39,4
7/19/2017,14,15,20,25,40,12
7/22/2017,6,9,15,37,42,16
7/26/2017,1,27,31,34,36,11
7/29/2017,3,13,14,17,23,2
8/2/2017,1,22,31,32,37,16
8/5/2017,14,25,28,37,41,13
8/9/2017,4,5,9,13,40,15
8/12/2017,15,16,18,19,37,11
8/16/2017,6,14,32,34,42,10
8/19/2017,1,5,6,13,26,6
8/23/2017,13,15,18,26,43,3
8/26/2017,1,6,12,18,36,9
8/30/2017,4,24,28,36,39,5
9/2/2017,1,4,13,23,33,9
9/6/2017,8,16,19,35,41,13
9/9/2017,1,2,20,31,43,8
9/13/2017,7,11,23,41,43,11
9/16/2017,10,17,24,37,42,6
9/20/2017,10,16,19,23,34,11
9/23/2017,4,15,22,23,38,11
9/27/2017,1,10,28,35,41,4
9/30/2017,3,10,13,21,38,10
10/4/2017,24,31,32,33,34,6
10/7/2017,19,22,29,38,39,2
10/11/2017,2,10,21,23,35,9
10/14/2017,18,27,38,40,41,16
10/18/2017,17,26,27,28,40,7
10/21/2017,2,4,9,15,24,11
10/25/2017,11,21,31,32,39,1
10/28/2017,13,20,28,35,40,3
11/1/2017,22,24,28,34,42,8
11/4/2017,15,20,25,29,43,10
11/8/2017,2,4,10,17,37,6
11/11/2017,1,18,22,30,39,1
11/15/2017,11,18,23,32,40,2
11/18/2017,8,12,22,29,39,11
11/22/2017,9,12,18,37,41,13
11/25/2017,15,21,25,26,31,4
11/29/2017,2,5,7,9,28,13
12/2/2017,2,14,21,27,28,1
12/6/2017,3,23,28,29,32,2
12/9/2017,11,15,23,24,25,7
12/13/2017,11,23,33,36,42,4
12/16/2017,17,23,25,29,31,6
12/20/2017,8,14,20,22,42,7
12/23/2017,6,8,13,29,31,13
12/27/2017,2,13,14,26,42,8
12/30/2017,14,30,35,37,40,14
1/3/2018,1,2,33,34,41,10
1/6/2018,1,2,4,5,13,10
1/10/2018,1,5,9,29,42,8
1/13/2018,7,10,24,31,43,5
1/17/2018,6,17,23,27,32,7
1/20/2018,2,6,16,23,43,1
1/24/2018,6,11,12,17,40,14
1/27/2018,12,13,15,18,31,1
1/31/2018,12,19,27,28,41,4
2/3/2018,1,4,14,21,42,16
2/7/2018,4,23,27,29,34,12
2/10/2018,5,6,14,16,35,9
2/14/2018,9,12,18,32,38,7
2/17/2018,10,23,25,26,33,1
2/21/2018,18,34,37,39,41,2
2/24/2018,5,6,9,39,42,16
2/28/2018,7,16,18,37,40,8
3/3/2018,15,28,31,32,35,12
3/7/2018,8,23,24,32,36,13
3/10/2018,4,17,27,28,42,4
3/14/2018,6,20,25,27,43,4
3/17/2018,7,17,18,30,33,3
3/21/2018,10,14,18,20,33,6
3/24/2018,17,26,28,29,42,11
3/28/2018,3,11,18,24,37,11
3/31/2018,9,15,19,27,30,2
4/4/2018,4,7,10,36,41,4
4/7/2018,13,15,24,33,40,9
4/11/2018,7,20,36,42,43,7
4/14/2018,1,12,28,30,33,3
4/18/2018,3,23,31,35,40,15
4/21/2018,10,12,16,17,27,6
4/25/2018,14,27,34,37,43,13
4/28/2018,10,18,19,36,43,13
5/2/2018,7,37,38,39,41,3
5/5/2018,5,6,14,26,31,11
5/9/2018,11,12,39,40,43,1
5/12/2018,6,10,23,31,34,3
5/16/2018,13,16,28,34,37,1
5/19/2018,12,13,23,35,39,16
5/23/2018,8,11,17,23,39,7
5/26/2018,9,12,16,18,34,11
5/30/2018,6,15,19,27,42,16
6/2/2018,3,16,19,20,23,8
6/6/2018,1,7,12,26,43,14
6/9/2018,1,4,18,21,42,2
6/13/2018,2,8,20,25,27,4
6/16/2018,3,20,22,24,36,6
6/20/2018,7,8,18,25,43,6
6/23/2018,11,12,25,33,39,7
6/27/2018,16,20,29,33,40,3
6/30/2018,3,16,18,30,34,16
7/4/2018,5,7,20,34,37,4
7/7/2018,8,11,22,35,41,10
7/11/2018,6,17,31,32,41,13
7/14/2018,4,13,14,16,33,5
7/18/2018,21,32,33,34,37,11
7/21/2018,12,25,32,33,41,10
7/25/2018,2,13,25,36,43,15
7/28/2018,2,11,26,33,40,15
8/1/2018,2,5,9,11,42,9
8/4/2018,6,16,20,24,30,11
8/8/2018,5,33,34,41,43,7
8/11/2018,2,3,22,28,37,8
8/15/2018,1,12,20,39,41,13
8/18/2018,6,12,16,21,33,5
8/22/2018,10,12,34,35,36,9
8/25/2018,3,22,26,29,36,7
8/29/2018,17,27,37,38,40,3
9/1/2018,3,8,10,15,39,9
9/5/2018,4,22,26,29,36,13
9/8/2018,8,9,19,23,38,14
9/12/2018,3,18,34,42,43,4
9/15/2018,2,5,9,34,42,13
9/19/2018,8,24,26,33,35,6
9/22/2018,20,23,35,36,41,14
9/26/2018,2,4,6,7,13,2
9/29/2018,10,14,20,21,41,11
10/3/2018,5,18,19,25,41,11
10/6/2018,8,16,25,36,37,12
10/10/2018,19,26,33,34,42,8
10/13/2018,11,21,27,41,43,12
10/17/2018,5,13,14,35,42,11
10/20/2018,19,20,34,38,39,3
10/24/2018,1,7,11,16,23,3
10/27/2018,6,20,33,36,41,9
10/31/2018,8,17,21,25,40,16
11/3/2018,9,14,28,33,43,1
11/7/2018,8,20,32,36,40,8
11/10/2018,5,23,24,29,43,2
11/14/2018,11,20,21,23,32,12
11/17/2018,10,12,13,32,38,2
11/21/2018,1,15,19,21,42,8
11/24/2018,5,13,22,34,43,2
11/28/2018,2,4,16,30,40,3
12/1/2018,3,6,23,25,38,1
12/5/2018,1,14,15,18,25,13
12/8/2018,14,20,24,25,39,7
12/12/2018,4,17,36,37,43,11
12/15/2018,4,13,25,31,33,5
12/19/2018,15,27,28,41,42,4
12/22/2018,3,7,11,39,41,2
12/26/2018,9,13,31,33,41,3
12/29/2018,10,14,29,30,42,2
1/2/2019,9,14,25,26,37,7
1/5/2019,10,14,19,39,41,1
1/9/2019,5,20,27,30,38,16
1/12/2019,2,19,22,28,32,11
1/16/2019,6,13,15,26,31,3
1/19/2019,8,15,28,38,42,7
1/23/2019,7,9,16,24,31,3
1/26/2019,3,7,11,19,25,3
1/30/2019,16,18,19,21,38,7
2/2/2019,16,17,21,22,43,3
2/6/2019,1,10,23,38,43,7
2/9/2019,3,5,30,37,39,12
2/13/2019,1,5,6,8,27,14
2/16/2019,19,25,28,31,40,11
2/20/2019,3,10,32,40,42,15
2/23/2019,3,7,14,19,22,4
2/27/2019,6,10,12,18,39,7
3/2/2019,6,22,25,28,40,5
3/6/2019,2,4,12,18,35,7
3/9/2019,24,29,34,35,40,13
3/13/2019,6,8,13,14,37,6
3/16/2019,5,16,26,32,36,3
3/20/2019,6,22,33,36,41,13
3/23/2019,18,20,21,35,43,5
3/27/2019,3,15,20,23,25,11
3/30/2019,6,17,24,39,43,16
4/3/2019,3,4,22,40,41,14
4/6/2019,20,29,32,34,37,6
4/10/2019,15,18,24,34,39,4
4/13/2019,6,7,8,27,34,14
4/17/2019,3,4,31,34,43,14
4/20/2019,10,17,24,29,43,14
4/24/2019,4,8,32,34,40,4
4/27/2019,1,13,32,37,43,10
5/1/2019,1,4,8,19,27,5
5/4/2019,4,11,12,16,26,2
5/8/2019,1,4,21,30,43,15
5/11/2019,3,11,27,39,41,4
5/15/2019,3,17,25,39,42,4
5/18/2019,3,4,20,25,37,12
5/22/2019,9,16,20,28,37,5
5/25/2019,2,10,14,34,40,14
5/29/2019,1,2,22,29,42,16
6/1/2019,1,3,17,23,32,16
6/5/2019,1,4,8,22,37,13
6/8/2019,10,25,29,35,37,5
6/12/2019,3,8,25,28,40,2
6/15/2019,10,14,27,35,41,12
6/19/2019,4,10,20,32,33,15
6/22/2019,15,16,24,26,32,10
6/26/2019,6,12,15,26,35,7
6/29/2019,2,12,16,26,30,2
7/3/2019,1,2,3,10,31,1
7/6/2019,1,8,21,34,35,10
7/10/2019,9,12,31,33,43,11
7/13/2019,2,18,29,37,39,13
7/17/2019,6,12,14,15,38,10
7/20/2019,10,11,15,31,38,5
7/24/2019,3,12,24,25,26,12
7/27/2019,9,13,18,19,33,9
7/31/2019,10,20,25,28,30,3
8/3/2019,2,11,33,36,38,11
8/7/2019,6,27,32,40,42,1
8/10/2019,6,29,34,41,42,16
8/14/2019,7,22,25,36,37,3
8/17/2019,10,12,25,27,41,3
8/21/2019,6,8,13,28,29,8
8/24/2019,4,8,12,17,35,12
8/28/2019,11,18,29,35,37,6
8/31/2019,17,18,33,41,42,8
9/4/2019,2,11,18,23,43,14
9/7/2019,11,14,20,30,34,7
9/11/2019,6,19,23,25,41,7
9/14/2019,1,19,31,37,39,11
9/18/2019,18,23,28,33,35,12
9/21/2019,21,23,26,37,43,11
9/25/2019,4,11,14,16,36,15
9/28/2019,1,9,27,29,35,13
10/2/2019,3,10,20,30,39,11
10/5/2019,19,23,26,30,36,11
10/9/2019,4,9,10,35,40,11
10/12/2019,2,8,9,12,39,13
10/16/2019,5,13,14,26,31,15
10/19/2019,4,8,19,20,35,9
10/23/2019,12,19,20,29,43,1
10/26/2019,2,11,24,28,39,3
10/30/2019,3,10,16,25,41,8
11/2/2019,2,3,4,12,16,10
11/6/2019,7,16,19,20,37,2
11/9/2019,2,10,16,23,25,11
11/13/2019,8,11,13,18,27,12
11/16/2019,3,7,23,30,35,5
11/20/2019,2,14,16,17,31,2
11/23/2019,17,18,20,27,29,11
11/27/2019,11,19,29,36,40,7
11/30/2019,2,3,18,21,36,13
12/4/2019,10,15,16,29,39,16
12/7/2019,12,15,16,38,39,10
12/11/2019,4,13,24,39,41,1
12/14/2019,11,21,33,39,43,8
12/18/2019,8,19,22,25,38,2
12/21/2019,8,14,17,23,37,13
12/25/2019,21,30,35,36,41,2
12/28/2019,2,9,17,27,42,11
1/1/2020,24,26,35,36,41,9
1/4/2020,4,9,15,24,29,7
1/8/2020,10,11,15,28,35,11
1/11/2020,1,4,29,32,33,2
1/15/2020,16,28,37,42,43,9
1/18/2020,2,8,9,25,33,12
1/22/2020,1,7,10,25,27,2
1/25/2020,12,22,30,31,34,7
1/29/2020,17,21,32,36,37,3
2/1/2020,1,18,19,34,40,2
2/5/2020,6,14,25,29,42,13
2/8/2020,4,12,15,33,42,3
2/12/2020,10,15,20,32,41,14
2/15/2020,5,8,10,13,20,8
2/19/2020,1,14,18,22,43,6
2/22/2020,19,20,24,34,43,5
2/26/2020,5,8,12,17,43,9
2/29/2020,5,23,26,32,38,11
3/4/2020,4,9,14,31,34,15
3/7/2020,1,4,8,11,36,9
3/11/2020,8,19,25,36,38,6
3/14/2020,11,20,21,38,40,9
3/18/2020,2,3,4,5,29,12
3/21/2020,4,9,20,35,43,5
4/29/2020,5,24,27,32,35,15
5/2/2020,8,11,15,35,40,14
5/6/2020,9,17,28,31,40,2
5/9/2020,24,30,37,38,40,7
5/13/2020,6,10,14,22,39,14
5/16/2020,16,18,26,37,42,2
5/20/2020,3,7,12,13,40,13
5/23/2020,2,11,26,32,41,5
5/27/2020,4,8,18,25,29,7
5/30/2020,1,7,14,35,43,12
6/3/2020,9,12,23,33,36,7
6/6/2020,2,7,9,12,34,16
6/10/2020,7,14,16,18,36,11
6/13/2020,13,25,30,36,41,7
6/17/2020,1,3,8,28,41,15
6/20/2020,5,14,28,31,39,10
6/24/2020,5,29,33,34,39,9
6/27/2020,8,12,16,21,27,16
7/1/2020,1,8,14,23,40,11
7/4/2020,3,30,32,38,41,6
7/8/2020,22,34,36,37,43,12
7/11/2020,10,13,22,26,42,5
7/15/2020,4,5,13,16,41,2
7/18/2020,5,6,7,28,32,16
7/22/2020,2,22,24,27,37,6
7/25/2020,5,12,25,26,43,7
7/29/2020,2,8,14,19,28,7
8/1/2020,7,24,29,30,38,5
8/5/2020,18,24,28,36,40,5
8/8/2020,4,11,22,25,26,8
8/12/2020,1,13,24,27,39,16
8/15/2020,13,29,30,40,42,10
8/19/2020,2,7,14,25,31,10
8/22/2020,7,18,23,31,36,14
8/26/2020,8,17,26,27,31,11
8/29/2020,10,18,21,24,43,16
9/2/2020,3,19,20,21,28,13
9/5/2020,2,10,27,30,31,10
9/9/2020,7,11,16,30,35,3
9/12/2020,10,11,37,40,41,9
9/16/2020,2,19,22,25,37,15
9/19/2020,6,14,21,28,35,2
9/23/2020,10,20,21,34,36,3
9/26/2020,1,5,18,38,41,10
9/30/2020,1,9,13,16,30,5
10/3/2020,9,17,28,35,38,1
10/7/2020,13,22,27,40,41,5
10/10/2020,1,2,15,36,39,4
10/14/2020,5,8,11,16,32,13
10/17/2020,2,21,27,36,40,15
10/21/2020,1,3,26,33,34,10
10/24/2020,19,20,28,40,42,13
10/28/2020,9,19,20,36,37,12
10/31/2020,1,2,5,16,23,11
11/4/2020,22,26,29,30,39,7
11/7/2020,22,30,32,40,42,12
11/11/2020,3,5,11,25,29,6
11/14/2020,12,19,20,33,37,14
11/18/2020,17,20,26,35,40,13
11/21/2020,6,18,34,40,43,16
11/25/2020,2,21,22,30,34,7
11/28/2020,7,15,23,30,32,15
12/2/2020,7,19,27,31,36,12
12/5/2020,5,13,19,21,25,13
12/9/2020,5,10,21,28,42,16
12/12/2020,1,3,12,15,23,9
12/16/2020,9,24,25,27,40,6
12/19/2020,1,8,14,28,34,13
12/23/2020,5,12,23,28,35,14
12/26/2020,12,19,24,37,42,3
12/30/2020,5,19,24,27,29,4
1/2/2021,16,21,24,26,33,8
1/6/2021,6,29,37,39,43,13
1/9/2021,8,28,33,41,43,4
1/13/2021,1,14,36,37,40,8
1/16/2021,7,14,18,27,28,4
1/20/2021,17,24,26,28,40,16
1/23/2021,7,15,22,25,32,9
1/27/2021,14,19,21,22,23,2
1/30/2021,1,10,11,23,33,10
2/3/2021,6,13,17,33,38,12
2/6/2021,7,15,23,29,35,8
2/10/2021,4,15,31,36,40,6
2/13/2021,3,4,5,7,21,16
2/17/2021,11,21,22,38,42,4
2/20/2021,4,6,17,24,25,14
2/24/2021,5,7,8,12,25,1
2/27/2021,6,17,22,30,42,5
3/3/2021,6,8,15,32,33,13
3/6/2021,1,13,16,19,20,2
3/10/2021,1,4,21,27,33,3
3/13/2021,4,6,27,35,39,2
3/17/2021,14,28,33,34,35,15
3/20/2021,10,16,23,31,43,12
3/24/2021,2,20,32,37,43,13
3/27/2021,13,20,25,30,35,4
3/31/2021,5,7,11,17,22,3
4/3/2021,2,23,30,33,40,16
4/7/2021,4,31,37,41,42,5
4/10/2021,17,18,36,37,42,2
4/14/2021,27,31,32,42,43,1
4/17/2021,5,7,11,16,29,5
4/21/2021,3,12,19,20,24,2
4/24/2021,6,10,25,31,36,16
4/28/2021,3,19,34,37,43,7
5/1/2021,22,23,27,28,30,3
5/5/2021,2,5,10,23,34,7
5/8/2021,4,8,9,28,37,11
5/12/2021,4,23,28,29,31,16
5/15/2021,3,5,25,30,42,8
5/19/2021,9,12,16,21,30,1
5/22/2021,8,29,32,34,42,5
5/26/2021,3,9,12,34,35,13
5/29/2021,8,12,18,40,43,4
6/2/2021,1,15,22,36,37,13
6/5/2021,1,4,5,16,30,7
6/9/2021,7,14,20,34,41,4
6/12/2021,9,15,25,27,33,13
6/16/2021,7,8,21,30,42,2
6/19/2021,1,5,8,14,40,8
6/23/2021,6,19,20,37,38,10
6/26/2021,6,21,22,34,36,10
6/30/2021,26,29,39,42,43,4
7/3/2021,21,22,23,33,41,8
7/7/2021,5,9,16,29,42,11
7/10/2021,8,15,30,35,36,3
7/14/2021,7,8,18,34,42,8
7/17/2021,14,18,20,32,33,4
7/21/2021,7,9,15,16,26,11
7/24/2021,21,22,29,30,38,11
7/28/2021,6,22,28,32,36,2
7/31/2021,1,27,28,34,37,11
8/4/2021,6,10,15,33,42,16
8/7/2021,14,18,20,39,41,5
8/11/2021,2,9,24,26,42,5
8/14/2021,10,14,32,35,42,13
8/18/2021,8,12,15,31,38,14
8/21/2021,12,14,18,37,40,2
8/25/2021,7,18,20,22,34,11
8/28/2021,8,18,21,30,43,5
9/1/2021,1,7,9,31,40,13
9/4/2021,22,30,31,34,41,16
9/8/2021,8,14,25,31,34,6
9/11/2021,8,9,25,32,41,1
9/15/2021,15,20,34,35,38,13
9/18/2021,2,10,11,18,23,10
9/22/2021,14,19,40,41,43,2
9/25/2021,9,17,39,41,43,1
9/29/2021,20,28,35,37,39,3
10/2/2021,1,16,24,36,42,11
10/6/2021,5,20,22,32,35,16
10/9/2021,5,15,27,34,35,4
10/13/2021,1,2,11,15,33,12
10/16/2021,2,8,11,13,22,15
10/20/2021,11,14,15,22,25,16
10/23/2021,2,5,7,20,34,14
10/27/2021,12,14,18,28,40,8
10/30/2021,17,19,21,24,40,11
11/3/2021,7,13,17,21,36,1
11/6/2021,4,5,29,37,42,13
11/10/2021,18,35,37,39,42,13
11/13/2021,1,6,16,22,31,16
11/17/2021,6,7,9,18,35,6
11/20/2021,12,15,22,26,28,7
11/24/2021,17,25,29,34,36,12
11/27/2021,9,13,24,29,38,9
12/1/2021,13,15,16,24,43,13
12/4/2021,9,11,22,26,42,15
12/8/2021,1,4,6,12,22,10
12/11/2021,2,8,20,35,38,3
12/15/2021,1,15,20,31,35,15
12/18/2021,2,18,22,24,28,4
12/22/2021,5,11,29,30,43,14
12/25/2021,2,5,16,24,39,15
12/29/2021,8,24,34,38,42,11
1/1/2022,17,19,20,21,26,13
1/5/2022,10,33,36,40,43,16
1/8/2022,8,11,30,31,38,7
1/12/2022,1,2,11,34,41,10
1/15/2022,4,13,20,27,42,1
1/19/2022,14,17,24,25,41,1
1/22/2022,1,5,13,27,30,7
1/26/2022,12,15,28,35,38,1
1/29/2022,8,18,19,22,32,1
2/2/2022,3,9,22,23,36,2
2/5/2022,5,9,27,38,42,1
2/9/2022,1,6,24,33,43,8
2/12/2022,1,7,22,28,38,6
2/16/2022,14,18,24,37,43,15
2/19/2022,3,22,27,31,32,10
2/23/2022,7,13,36,38,42,9
2/26/2022,3,8,25,36,38,10
3/2/2022,15,20,26,37,40,13
3/5/2022,1,4,5,29,33,11
3/9/2022,17,18,19,27,37,14
3/12/2022,1,4,10,16,25,15
3/16/2022,1,11,31,33,36,7
3/19/2022,9,27,36,43,39,8
3/23/2022,9,40,37,42,3,11
3/26/2022,33,19,40,23,34,5
3/30/2022,6,37,16,4,36,14
4/2/2022,8,18,38,3,7,7
4/6/2022,43,42,11,33,24,15
4/9/2022,31,20,27,34,41,9
4/13/2022,9,7,23,16,28,12
4/16/2022,17,1,5,8,30,15
4/20/2022,35,16,42,13,38,3
4/23/2022,39,28,40,6,16,2
4/27/2022,9,25,43,4,20,14
4/30/2022,3,40,10,5,30,8
5/4/2022,40,34,38,14,27,14
5/7/2022,43,4,41,18,30,11
5/11/2022,27,21,26,31,30,2
5/14/2022,26,7,33,5,20,14
5/18/2022,38,15,42,27,20,3
5/21/2022,13,21,19,36,25,12
5/25/2022,5,14,10,40,37,6
5/28/2022,29,25,6,41,20,4
6/1/2022,17,25,35,13,26,4
6/4/2022,37,20,35,32,24,5
6/8/2022,5,6,17,22,31,10
6/11/2022,31,22,43,24,28,4
6/15/2022,1,32,12,43,7,1
6/18/2022,26,18,1,14,19,10
6/22/2022,30,16,32,28,39,11
6/25/2022,28,7,39,9,14,9
6/29/2022,30,24,32,29,9,14
7/2/2022,11,7,8,12,38,5
7/6/2022,8,13,1,42,12,5
7/9/2022,1,8,29,21,35,6
7/13/2022,16,43,23,39,31,9
7/16/2022,28,34,11,9,7,5
7/20/2022,3,40,11,39,29,13
7/23/2022,19,8,2,11,26,6
7/27/2022,26,43,2,30,20,11
7/30/2022,14,19,4,25,31,15
8/3/2022,8,13,43,6,32,15
8/6/2022,13,35,6,41,33,11
8/10/2022,22,14,15,36,1,11
8/13/2022,24,19,5,18,6,9
8/17/2022,3,15,8,33,22,13
8/20/2022,39,34,6,37,1,4
8/24/2022,21,14,36,26,18,7
8/27/2022,22,16,25,13,1,8
8/31/2022,15,16,34,39,26,6
9/3/2022,36,23,27,5,2,12
9/7/2022,15,23,39,14,17,6
9/10/2022,3,10,35,9,19,8
9/14/2022,7,32,42,13,19,7
9/17/2022,25,36,34,30,3,1
9/21/2022,21,35,20,4,2,3
9/24/2022,5,33,8,19,30,1
9/28/2022,21,33,12,4,2,2
10/1/2022,37,42,28,3,5,15
10/5/2022,1,8,3,31,35,16
10/8/2022,19,29,1,3,15,13
10/12/2022,37,41,12,25,21,3
10/15/2022,9,24,40,39,21,12
10/19/2022,5,8,20,24,37,4
10/22/2022,4,2,6,25,9,13
10/26/2022,4,31,34,30,9,16
10/29/2022,13,2,42,32,10,1
11/2/2022,30,28,31,20,36,8
11/5/2022,19,43,36,4,22,10
11/9/2022,5,17,31,14,34,3
11/12/2022,33,25,27,10,11,16
11/16/2022,39,17,9,7,38,9
11/19/2022,37,26,23,27,33,3
11/23/2022,19,8,2,11,26,6
11/26/2022,2,20,26,30,43,11
11/30/2022,41,16,33,38,14,10
12/3/2022,32,14,21,33,19,1
12/10/2022,28,41,35,9,6,7
12/14/2022,33,15,43,2,23,4
12/17/2022,1,40,10,12,39,14
12/21/2022,24,31,39,27,30,12
12/24/2022,23,7,40,37,9,14
12/28/2022,8,20,25,2,17,7
12/31/2022,31,27,11,32,3,12
1/4/2023,32,42,12,37,36,11
1/7/2023,40,17,33,32,25,3
1/11/2023,42,24,2,37,17,11
1/14/2023,2,25,34,33,23,10
1/18/2023,29,32,30,36,10,4
1/21/2023,2,37,7,21,12,9
1/25/2023,5,10,22,31,7,12
1/28/2023,15,14,28,40,2,5
2/1/2023,39,26,12,8,16,6
2/4/2023,1,32,39,10,14,10
2/8/2023,12,43,8,13,3,7
2/11/2023,8,11,17,29,42,13
2/15/2023,22,35,25,7,15,9
2/18/2023,7,20,30,38,25,4
2/22/2023,13,14,6,8,22,12
2/25/2023,32,35,14,20,12,9
3/1/2023,16,36,39,42,23,11
3/4/2023,5,33,4,12,24,12
3/8/2023,26,41,35,24,36,7
